         INFO  time (ms), angle (rad)
3946, 0.0
3947, 0.0
3948, 0.0
3949, 0.0
3950, 0.0
3951, 0.0
3952, 0.0
3953, 0.0
3954, 0.0
3955, 0.0
3956, 0.0
3957, 0.0
3958, 0.0
3959, 0.0
3960, 0.0
3961, 0.0
3962, 0.0
3977, 0.002617994
3980, 0.002617994
3992, 0.002617994
3995, 0.007853981
3996, 0.010471976
3997, 0.010471976
4026, 0.03926991
4027, 0.03926991
4029, 0.044505898
4093, 0.073303826
4125, 0.08115782
4127, 0.08377581
4139, 0.08377581
4140, 0.08377581
4142, 0.089011796
4144, 0.099483766
4176, 0.10471976
4178, 0.09424779
4189, 0.099483766
4190, 0.099483766
4192, 0.10210176
4193, 0.10210176
4223, 0.12042773
4225, 0.12304572
4257, 0.11780973
4288, 0.1256637
4290, 0.1282817
